1 1 1 0 0 0
0 1 0 0 0 0
1 1 1 0 0 0
0 0 0 2 2 2
0 0 0 0 2 0
0 0 0 2 2 2

----------------------------------------------
arr[0][0] | arr[0][1] | arr[0][2] | arr[0][3] | arr[0][4] | arr[0][5]  |
----------------------------------------------
arr[1][0] | arr[1][1] | arr[1][2] | arr[1][3] | arr[1][4] | arr[1][5]  |
----------------------------------------------
arr[2][0] | arr[0][1] | arr[0][2] | arr[0][0] | arr[2][1] | arr[2][5]  |
----------------------------------------------
arr[3][0] | arr[0][1] | arr[0][2] | arr[0][0] | arr[3][1] | arr[3][5]  |
----------------------------------------------
arr[4][0] | arr[0][1] | arr[0][2] | arr[0][0] | arr[4][1] | arr[4][5]  |
----------------------------------------------
arr[5][0] | arr[0][1] | arr[0][2] | arr[0][0] | arr[5][1] | arr[5][5]  |
----------------------------------------------	

